020101003801202302
020101012701202302
020101012709202302
020101013501202302
020101013509202302
020101014301202302
020101014307202302
020101014309202302
020101016001202302
020101016009202302
020101020801202302
020101020809202302
020101024001202302
020101024007202302
020101024009202302
020101025901202302
020101026701202302
020101026707202302
020101026709202302
020101027503202302
020101027507202302
020101027509202302
020101030501202302
020101030507202302
020101030509202302
020101031301202302
020101031307202302
020101031309202302
020101032101202302
020101032107202302
020101032109202302
020101033001202302
020101033007202302
020101033009202302
020101040201202302
020101040207202302
020101040209202302
020101053401202302
020101053409202302
020101055001202302
020101055009202302
020904003301202302
020904003307202302
020904003309202302
020904005001202302
020904005007202302
020904005009202302
021105009101202302
021105010503202302
021105010507202302
021105010509202302
021105014801202302
030106001003202302
030106001007202302
030106007001202302
030106007003202302
030106007007202302
030106007009202302
030106008803202302
030109001703202302
030109001709202302
030109001713202302
030109002503202302
030109002509202302
030109002513202302
030301001003202302
030301001007202302
030301002903202302
030301002907202302
030301003703202302
030301003707202302
030301004503202302
030301004507202302
030301005303202302
030301005307202302
030301006103202302
030301006107202302
030301007003202302
030301007007202302
030301008803202302
030301008807202302
030301009603202302
030301009607202302
030301010003202302
030301010007202302
030301011803202302
030301011807202302
030301012603202302
030301012607202302
030301013403202302
030301013407202302
030301014203202302
030301014207202302
030301015003202302
030301015007202302
030301016903202302
030301016907202302
030301017703202302
030301017707202302
030301018503202302
030301018507202302
030301019303202302
030301019307202302
030301020703202302
030301020707202302
030301021503202302
030301021506202302
030301021507202302
030302003203202302
030302003207202302
030302004003202302
030302004007202302
030302005903202302
030302005907202302
030302006703202302
030302006707202302
030302007503202302
030302007507202302
030302008303202302
030302008307202302
030303001107202302
030303001111202302
030303002003202302
030303002007202302
030303003803202302
030303003807202302
030303004603202302
030303004607202302
030303005403202302
030303005407202302
030303006203202302
030303006207202302
030304001703202302
030304001707202302
030304002503202302
030304002507202302
030304003303202302
030304003307202302
030304004103202302
030304004107202302
030304005003202302
030304005007202302
030304006803202302
030304006807202302
030304007603202302
030304007607202302
030304008401202302
030304008403202302
030304008407202302
030304009201202302
030304009203202302
030304009207202302
030304010603202302
030304010607202302
030304011401202302
030304011403202302
030304011407202302
030304012201202302
030304012203202302
030304012207202302
030304013003202302
030304013007202302
030304014903202302
030304014907202302
030304015703202302
030304015707202302
030304016503202302
030304016507202302
030304017303202302
030304017307202302
030304018103202302
030304019003202302
030304019007202302
030304020303202302
030304020307202302
030304021103202302
030304021107202302
030304022003202302
030304022007202302
030304023803202302
030304023807202302
030304024603202302
030304024607202302
030304025403202302
030304025407202302
030304026203202302
030304026207202302
030304027003202302
030304027007202302
030304028903202302
030304029703202302
030304029707202302
030304030003202302
030305013603202302
030305013607202302
030305014403202302
030305014407202302
030306001803202302
030306001807202302
030306002603202302
030306002607202302
030306003403202302
030306003407202302
030306004203202302
030306004207202302
030306005003202302
030306005007202302
030306006903202302
030306006907202302
030306007703202302
030306007707202302
030306008503202302
030306008507202302
030306009303202302
030306009307202302
030306010703202302
030306010707202302
030306011503202302
030306011507202302
030306012303202302
030306012307202302
030306013103202302
030306013107202302
030306014003202302
030306014007202302
030306015803202302
030306015807202302
030306016603202302
030306016607202302
030306017403202302
030306017407202302
030306018203202302
030306018207202302
030306019003202302
030306019007202302
030306020403202302
030306020407202302
030306021203202302
030306021207202302
030306022001202302
030306022003202302
030306022007202302
030306023903202302
030306023907202302
030306024703202302
030306024707202302
030306025503202302
030306025507202302
030306026303202302
030306026307202302
030306027103202302
030306027107202302
030306028003202302
030306028007202302
030306029803202302
030306029807202302
030306030103202302
030306030107202302
030307006403202302
030307006407202302
030307007203202302
030307007207202302
030307008003202302
030307008007202302
030307009903202302
030307009907202302
030307010203202302
030307010207202302
030307011003202302
030307011007202302
030307012903202302
030307012907202302
030307013701202302
030308004303202302
030308004307202302
030308005103202302
030308005107202302
030308006003202302
030308006007202302
030308007803202302
030308007807202302
030308008603202302
030308008607202302
030308009403202302
030308009407202302
030309013803202302
030309013807202302
030309013809202302
030309019703202302
030309019707202302
030309019709202302
030309023503202302
030309023507202302
030309023509202302
030309031603202302
030309031607202302
030310001002202302
030310001003202302
030310001007202302
030310002802202302
030310002803202302
030310002807202302
030310003602202302
030310003603202302
030310003607202302
030310004402202302
030310004403202302
030310004407202302
030310005202202302
030310005203202302
030310005207202302
030311001503202302
030311001507202302
030311002303202302
030311002307202302
030311003103202302
030311003107202302
030311004003202302
030311004007202302
030311005803202302
030311005807202302
030311006603202302
030311006607202302
030311007403202302
030311007407202302
030311008203202302
030311008207202302
030311009003202302
030311009007202302
030311010403202302
030311010407202302
030311011203202302
030311011207202302
030313001604202302
030313002404202302
030313003204202302
030313004004202302
030313005904202302
030313006704202302
030313007504202302
030313008304202302
030314002003202302
030314002007202302
030314003803202302
030314003807202302
030314004603202302
030314004607202302
030314005403202302
030314005407202302
030314006203202302
030314006207202302
030314007003202302
030314007007202302
030314008903202302
030314008907202302
030314009703202302
030314009707202302
030314010003202302
030314010007202302
030314011903202302
030314011907202302
030314012703202302
030314012707202302
030314013503202302
030314013507202302
030314014303202302
030314014307202302
030314015103202302
030314015107202302
030315001703202302
030315001707202302
030315002503202302
030315002507202302
030315003303202302
030315003307202302
030315004103202302
030315004107202302
030315005003202302
030315005007202302
030315006803202302
030315006807202302
030316001207202302
030316002007202302
030316003907202302
030316004707202302
030316005507202302
030316006307202302
030316007107202302
030317009305202302
030317009307202302
030317010707202302
030317010714202302
030317013102202302
030317013103202302
030317013105202302
030317013107202302
030317013187202302
030317014002202302
030317014003202302
030317014005202302
030317014007202302
030317014087202302
030317015802202302
030317015803202302
030317015805202302
030317015807202302
030317015887202302
030317016602202302
030317016603202302
030317016605202302
030317016607202302
030317016687202302
030317017402202302
030317017403202302
030317017405202302
030317017407202302
030317017487202302
030317018202202302
030317018203202302
030317018205202302
030317018207202302
030317018287202302
030317019005202302
030317019007202302
030317020405202302
030317020407202302
030318001303202302
030318001307202302
030318003003202302
030318003007202302
030318004803202302
030318004807202302
030318005603202302
030318005607202302
030318006403202302
030318006407202302
030318007207202302
030318007210202302
030319001903202302
030319001907202302
030319001908202302
030401011103202302
030401011107202302
030401035903202302
030401035907202302
030401049903202302
030401049907202302
030401059603202302
030401059607202302
030408002003202302
030408002007202302
030408003903202302
030408003907202302
030408003909202302
030408004703202302
030408006303202302
030409001803202302
030409001807202302
030409002603202302
030409002607202302
030409003403202302
030409003407202302
030409004203202302
030409004207202302
030410001303202302
030410001307202302
030410001309202302
030410002103202302
030410002107202302
030501017403202302
030501017407202302
030502001303202302
030502001307202302
030502002103202302
030502002107202302
030502003003202302
030502003007202302
030502004803202302
030502004807202302
030502005603202302
030502005607202302
030701005801202302
030701005803202302
030701005807202302
030701005809202302
030702003701202302
030702003703202302
030702003707202302
030702003709202302
030702004501202302
030702004503202302
030702004507202302
030702004509202302
030702005301202302
030702005303202302
030702005307202302
030702005309202302
030702006101202302
030702006103202302
030702006107202302
030702006109202302
030702008801202302
030702008803202302
030702008807202302
030702008809202302
030702009601202302
030702009603202302
030702009607202302
030702009609202302
030702010001202302
030702010003202302
030702010007202302
030702010009202302
030702011801202302
030702011803202302
030702011807202302
030702011809202302
030703003201202302
030703003203202302
030703003207202302
030703003209202302
030704001101202302
030704001103202302
030704001107202302
030704001109202302
030704006201202302
030704006203202302
030704006207202302
030704006209202302
030704008901202302
030704008903202302
030704008907202302
030704008909202302
030801001901202302
030801001903202302
030801001907202302
030801002703202302
030801002707202302
030801003501202302
030801003503202302
030801003507202302
030801004301202302
030801004303202302
030801004307202302
030802002203202302
030802002207202302
030802003003202302
030802003007202302
030803001003202302
030803001007202302
030803002803202302
030803002807202302
030803003601202302
030803003603202302
030803003607202302
030803003683202302
030804001501202302
030804001503202302
030804001507202302
030804002303202302
030804002307202302
030901003901202302
030901003903202302
030901003907202302
031001003901202302
031001003902202302
031001003903202302
031001004701202302
031001004702202302
031001004703202302
031001005502202302
040102001001202302
040102001007202302
040102001009202302
040102002901202302
040102002907202302
040102002909202302
040102003701202302
040102003707202302
040102003709202302
040102004501202302
040102004507202302
040102004509202302
040102005301202302
040102005307202302
040102005309202302
040102006101202302
040102006107202302
040102006109202302
040102007001202302
040102007007202302
040102007009202302
040102008801202302
040102008807202302
040102008809202302
040102009601202302
040102009607202302
040102009609202302
040102010001202302
040102010007202302
040102010009202302
040102011801202302
040102011807202302
040102011809202302
040102012601202302
040102012607202302
040102012609202302
040102013401202302
040102013409202302
040102014201202302
040102014207202302
040102014209202302
040102015001202302
040102015007202302
040102015009202302
040102016901202302
040102016907202302
040102016909202302
040201001901202302
040201001907202302
040201002701202302
040201002707202302
040201003501202302
040201003507202302
040201003509202302
040201004301202302
040201004307202302
040201004309202302
040201005101202302
040201005107202302
040202001401202302
040202001407202302
040202002201202302
040202002207202302
040301001201202302
040301001207202302
040301002001202302
040301002007202302
040301003901202302
040301003907202302
040301004701202302
040301004707202302
040301005501202302
040301005507202302
040301006301202302
040301006307202302
040301007101202302
040301007107202302
040301008001202302
040301008007202302
040301008009202302
040301009801202302
040301009807202302
040301010101202302
040301010107202302
040301011001202302
040301011007202302
040301012801202302
040301012807202302
040301013601202302
040301013607202302
040301014401202302
040301014407202302
040301015201202302
040301015207202302
040301016001202302
040301016007202302
040301017901202302
040301017907202302
040301018701202302
040301018707202302
040301019501202302
040301019507202302
040301020901202302
040301020907202302
040301021701202302
040301021707202302
040301022501202302
040301022507202302
040301023301202302
040301023307202302
040301024101202302
040301024107202302
040301025001202302
040301025007202302
040301026801202302
040301026807202302
040301027601202302
040301027607202302
040301028401202302
040301028407202302
040301029201202302
040301029207202302
040301030601202302
040301030607202302
040301031401202302
040301031407202302
040301032201202302
040301032207202302
040301033001202302
040301033007202302
040301034901202302
040301034907202302
040301035701202302
040301035707202302
040301036501202302
040301036507202302
040301039001202302
040301039003202302
040301039007202302
040302001801202302
040302001807202302
040302002601202302
040302002607202302
040302003401202302
040302003407202302
040302004201202302
040302004207202302
040302005001202302
040302005007202302
040302006901202302
040302006907202302
040302007701202302
040302007707202302
040302007709202302
040302008501202302
040302008507202302
040302008509202302
040302009301202302
040302009307202302
040302009309202302
040302010701202302
040302010707202302
040302011501202302
040302011507202302
040302012301202302
040302012307202302
040302012309202302
040302013101202302
040302013107202302
040303001301202302
040303001307202302
040303002101202302
040303002107202302
040303003001202302
040303003007202302
040303004801202302
040303004807202302
040303005601202302
040303005607202302
040303006401202302
040303006407202302
040303008001202302
040303008007202302
040303009901202302
040303009907202302
040303010201202302
040303010207202302
040303011001202302
040303011007202302
040303012901202302
040303012907202302
040303013701202302
040303013707202302
040303014501202302
040303014507202302
040303015301202302
040303015307202302
040303016101202302
040303016107202302
040304001901202302
040304001907202302
040304002701202302
040304002707202302
040304005101202302
040304005107202302
040304006001202302
040304006007202302
040304007801202302
040304007807202302
040304008601202302
040304008607202302
040304009401202302
040304009407202302
040304010801202302
040304010807202302
040304011601202302
040304011607202302
040304012401202302
040304012407202302
040305003001202302
040305003003202302
040305003007202302
040305004901202302
040305004907202302
040305005701202302
040305006501202302
040305006507202302
040305007301202302
040305007307202302
040305009001202302
040305009007202302
040305009009202302
040305010301202302
040305010307202302
040305010309202302
040305011101202302
040305011107202302
040305012001202302
040305012007202302
040305013801202302
040305013807202302
040305014601202302
040305014607202302
040305015401202302
040305015407202302
040305016201202302
040306001001202302
040306001007202302
040306002801202302
040306002807202302
040306003601202302
040306003607202302
040306004401202302
040306004407202302
040306005201202302
040306005207202302
040306006001202302
040306006007202302
040306007901202302
040306007907202302
040306008701202302
040306008707202302
040306009501202302
040306009507202302
040307001501202302
040307004001202302
040307004007202302
040307005801202302
040307005807202302
040307008201202302
040307009001202302
040307010401202302
040307011201202302
040307012001202302
040307013901202302
040307013907202302
040307014701202302
040307014707202302
040307015501202302
040307015507202302
040307016301202302
040307016307202302
040308001001202302
040308002901202302
040308003701202302
040308004501202302
040308005301202302
040308005307202302
040308006101202302
040308007001202302
040308007007202302
040308008801202302
040308008807202302
040308009601202302
040308009607202302
040308010001202302
040401001601202302
040401001605202302
040401001609202302
040401002401202302
040401002407202302
040401002409202302
040401003201202302
040401003207202302
040401003209202302
040401004001202302
040401004007202302
040401004009202302
040401005901202302
040401005907202302
040401005909202302
040401006701202302
040401006707202302
040401006709202302
040401008301202302
040401008307202302
040401008309202302
040401010501202302
040401010507202302
040401010509202302
040401011301202302
040401011307202302
040401011309202302
040401012101202302
040401012107202302
040401012109202302
040401013001202302
040401013007202302
040401013009202302
040401014801202302
040401014807202302
040401014809202302
040401016401202302
040401016407202302
040401016409202302
040401017201202302
040401017207202302
040401018001202302
040401018007202302
040401019901202302
040401019907202302
040401020201202302
040401020207202302
040401021001202302
040401021007202302
040401021009202302
040401022901202302
040401022907202302
040401022909202302
040401023701202302
040401023707202302
040401023709202302
040401028801202302
040401028807202302
040401028809202302
040401031801202302
040401031807202302
040401031809202302
040401032601202302
040401032607202302
040401032609202302
040401033401202302
040401033407202302
040401033409202302
040401035001202302
040401035007202302
040401035009202302
040401037701202302
040401037707202302
040401037709202302
040401038501202302
040401038507202302
040401038509202302
040401040701202302
040401040707202302
040401040709202302
040401041501202302
040401041507202302
040401041509202302
040401043101202302
040401043107202302
040401045801202302
040401045807202302
040401046601202302
040401046607202302
040401046609202302
040401047401202302
040401047407202302
040401047409202302
040401048201202302
040401048207202302
040401048209202302
040401049001202302
040401049007202302
040401049009202302
040401050401202302
040401050407202302
040401050409202302
040401051201202302
040401051207202302
040401051209202302
040401052001202302
040401052007202302
040401052009202302
040401053901202302
040401053907202302
040401053909202302
040401054701202302
040401054707202302
040401055501202302
040401055507202302
040401055509202302
040401056301202302
040401056309202302
040401057101202302
040401057107202302
040401058001202302
040401058007202302
040401059801202302
040401059807202302
040401060101202302
040401060107202302
040401061001202302
040401061007202302
040401062801202302
040401062807202302
040401063601202302
040401063607202302
040401064401202302
040401064407202302
040401065201202302
040401065207202302
040402001101202302
040402001107202302
040402001109202302
040402003801202302
040402003807202302
040402003809202302
040402004601202302
040402004607202302
040402004609202302
040402006201202302
040402006207202302
040402007001202302
040402007007202302
040402007009202302
040402008901202302
040402008907202302
040402008909202302
040402010001202302
040402010003202302
040402010007202302
040402010009202302
040402011901202302
040402011907202302
040402011909202302
040402013501202302
040402013507202302
040402014301202302
040402014307202302
040402014309202302
040402017801202302
040402017807202302
040402020801202302
040402020807202302
040402020809202302
040402022401202302
040402022407202302
040402023201202302
040402023207202302
040402023209202302
040402024001202302
040402024007202302
040402024009202302
040402027501202302
040402027507202302
040402029101202302
040402029107202302
040402031301202302
040402031307202302
040402031309202302
040402032101202302
040402032107202302
040402032109202302
040402034801202302
040402034807202302
040402034809202302
040402035601202302
040402035607202302
040402035609202302
040402038001202302
040402038007202302
040402039901202302
040402039907202302
040402039909202302
040402042901202302
040402042907202302
040402042909202302
040402045301202302
040402045307202302
040402045309202302
040402046101202302
040402046107202302
040402046109202302
040402047001202302
040402047007202302
040402047009202302
040402048801202302
040402048807202302
040402048809202302
040402049601202302
040402049607202302
040402050001202302
040402050007202302
040402051801202302
040402051807202302
040402051809202302
040402052601202302
040402052607202302
040402053401202302
040402053407202302
040402054201202302
040402054207202302
040402054209202302
040402055001202302
040402055007202302
040402056901202302
040402056907202302
040402056909202302
040402057701202302
040402057707202302
040402057709202302
040402058501202302
040402058507202302
040402059301202302
040402059307202302
040402060701202302
040402060707202302
040402064001202302
040402064007202302
040402064009202302
040402065801202302
040402065807202302
040402065809202302
040402066601202302
040402066607202302
040402066609202302
040402069001202302
040402069007202302
040402070401202302
040402070407202302
040402071201202302
040402071207202302
040402071209202302
040402072001202302
040402072007202302
040402073901202302
040402073907202302
040402077101202302
040402077107202302
040402077109202302
040402078001202302
040402078007202302
040403001701202302
040403001707202302
040403001709202302
040403003301202302
040403003307202302
040403004101202302
040403004107202302
040403004109202302
040403005001202302
040403005007202302
040403005009202302
040403006801202302
040403006807202302
040403006809202302
040403007601202302
040403007607202302
040403007609202302
040403008401202302
040403008407202302
040403008409202302
040403010601202302
040403010607202302
040403010609202302
040403012201202302
040403012207202302
040403012209202302
040403013001202302
040403013007202302
040403013009202302
040403015701202302
040403015707202302
040403015709202302
040403016501202302
040403016507202302
040403016509202302
040403017301202302
040403017307202302
040403017309202302
040403019001202302
040403019007202302
040403019009202302
040403022001202302
040403022007202302
040403022009202302
040403024601202302
040403024607202302
040403024609202302
040403025401202302
040403025407202302
040403025409202302
040403026201202302
040403026207202302
040403026209202302
040403027001202302
040403027007202302
040403027009202302
040403028901202302
040403028907202302
040403029701202302
040403029707202302
040403030001202302
040403030007202302
040403031901202302
040403031907202302
040403031909202302
040403032701202302
040403032707202302
040501001001202302
040501001007202302
040501001009202302
040501002801202302
040501002807202302
040501002809202302
040501003601202302
040501003607202302
040501003609202302
040501007901202302
040501007907202302
040501007909202302
040501008701202302
040501008707202302
040501008709202302
040501011701202302
040501011707202302
040501011709202302
040501012501202302
040501012507202302
040501012509202302
040501013301202302
040501013307202302
040501013309202302
040501015001202302
040501015007202302
040501015009202302
040501017601202302
040501017607202302
040501017609202302
040502001501202302
040502001507202302
040502001509202302
040502002301202302
040502002307202302
040502002309202302
040503001001202302
040503001007202302
040503001009202302
040503002901202302
040503002907202302
040503002909202302
040503007001202302
040503007007202302
040503007009202302
040503009601202302
040503009607202302
040503009609202302
040503011801202302
040503011807202302
040503011809202302
040503013401202302
040503013407202302
040503013409202302
040503014201202302
040503014207202302
040503014209202302
040503016901202302
040503016907202302
040503016909202302
040503017701202302
040503017707202302
040503017709202302
040503018501202302
040503018507202302
040503019301202302
040503019307202302
040503020701202302
040503020707202302
040503020709202302
040504001601202302
040504001607202302
040504001609202302
040504002401202302
040504002407202302
040504002409202302
040504004001202302
040504004007202302
040504004009202302
040504005901202302
040504005907202302
040504005909202302
040504006701202302
040504006707202302
040504006709202302
040504007501202302
040504007507202302
040504007509202302
040504008301202302
040504008307202302
040504008309202302
040504009101202302
040504009107202302
040504009109202302
040504010501202302
040504010507202302
040504010509202302
040504014801202302
040504014807202302
040504014809202302
040504015601202302
040504015607202302
040504015609202302
040504016401202302
040504016407202302
040504016409202302
040504018001202302
040504018007202302
040504020201202302
040504020207202302
040504020209202302
040504021001202302
040504021007202302
040504021009202302
040505001101202302
040505001107202302
040505001109202302
040505004601202302
040505004607202302
040505004609202302
040505005401202302
040505005407202302
040505005409202302
040505009701202302
040505009707202302
040505009709202302
040505010001202302
040505010007202302
040505010009202302
040505011901202302
040505011907202302
040505011909202302
040505013501202302
040505013507202302
040505013509202302
040505014301202302
040505014307202302
040505014309202302
040505015101202302
040505015107202302
040505015109202302
040505018601202302
040505018607202302
040505018609202302
040505021601202302
040505021607202302
040505021609202302
040505022401202302
040505022407202302
040505022409202302
040505023201202302
040505023207202302
040505023209202302
040505031301202302
040505031307202302
040505031309202302
040505032101202302
040505032107202302
040505032109202302
040505035601202302
040505035607202302
040505035609202302
040505037201202302
040505037207202302
040505037209202302
040505038001202302
040505038007202302
040505038009202302
040505039901202302
040505039907202302
040505039909202302
040505040201202302
040505040209202302
040601001301202302
040601001307202302
040601002101202302
040601003001202302
040601004801202302
040601005601202302
040601006401202302
040601007201202302
040601007207202302
040601008001202302
040601009901202302
040601010201202302
040601010207202302
040601011001202302
040601011007202302
040601013701202302
040601013707202302
040601015301202302
040601015307202302
040601016101202302
040601017001202302
040601017007202302
040601018801202302
040601019601202302
040601019607202302
040601020001202302
040601020007202302
040601021801202302
040601021807202302
040601022601202302
040601022607202302
040601023401202302
040601024201202302
040601025001202302
040601025007202302
040601026901202302
040601026907202302
040601027701202302
040601027707202302
040601028501202302
040601028507202302
040601029301202302
040601030701202302
040601031501202302
040601032301202302
040601033101202302
040601033107202302
040601034001202302
040601035801202302
040601036601202302
040601036607202302
040601037401202302
040601037407202302
040601038201202302
040601039001202302
040601039007202302
040601040401202302
040601041201202302
040601041207202302
040601042001202302
040601042007202302
040601043901202302
040601044701202302
040601044707202302
040601045501202302
040601046301202302
040601046307202302
040601047101202302
040601047107202302
040601048001202302
040601049801202302
040601049807202302
040601050101202302
040601051001202302
040601051007202302
040601052801202302
040601052807202302
040601053601202302
040601054401202302
040601055201202302
040601056001202302
040601056007202302
040601056009202302
040601057901202302
040601058701202302
040601058709202302
040601059501202302
040601060901202302
040601061701202302
040601062501202302
040601063301202302
040601063309202302
040601064101202302
040601064107202302
040601064109202302
040601065001202302
040601065009202302
040601066801202302
040601066807202302
040601066809202302
040601067601202302
040601067607202302
040601067609202302
040601068401202302
040601068407202302
040601068409202302
040601069201202302
040601069207202302
040601070601202302
040601071401202302
040601071407202302
040601071409202302
040601073001202302
040601075701202302
040601075707202302
040601076501202302
040601076507202302
040601077301202302
040601077307202302
040601078101202302
040601078107202302
040601079001202302
040601079009202302
040601080301202302
040601080307202302
040601081101202302
040601082001202302
040601082007202302
040601083801202302
040601084601202302
040601085401202302
040601085409202302
040601086201202302
040601086209202302
040601087001202302
040601087009202302
040601088901202302
040601089701202302
040601090001202302
040601090007202302
040601091901202302
040601091907202302
040601091909202302
040601092701202302
040601093501202302
040601094301202302
040601095101202302
040601096001202302
040601096003202302
040601096007202302
040601097801202302
040601097803202302
040601097807202302
040601098601202302
040601099401202302
040601100101202302
040601100109202302
040601101001202302
040601101009202302
040601102801202302
040601102809202302
040601103601202302
040601103609202302
040601104401202302
040601104407202302
040601104409202302
040601105201202302
040601105209202302
040601107901202302
040601108701202302
040601108709202302
040601109501202302
040601109509202302
040601110901202302
040601110909202302
040601111701202302
040601111709202302
040601112501202302
040601112509202302
040601113301202302
040601113307202302
040601113309202302
040601114101202302
040601114109202302
040601115001202302
040601115007202302
040601115009202302
040601116801202302
040601116809202302
040601117601202302
040601117609202302
040601118401202302
040601118409202302
040601119201202302
040601119209202302
040601120601202302
040601121401202302
040601121407202302
040601122201202302
040601122207202302
040601123001202302
040601124901202302
040601125701202302
040601126501202302
040601126507202302
040601127301202302
040601127307202302
040601128101202302
040601128107202302
040601129001202302
040601129007202302
040601130301202302
040601130307202302
040601131101202302
040601131107202302
040601132001202302
040601132007202302
040601133801202302
040601133807202302
040601134601202302
040601134607202302
040601135401202302
040601135407202302
040601136201202302
040601136207202302
040601137001202302
040601137007202302
040601138901202302
040601138907202302
040601139701202302
040601139707202302
040601140001202302
040601140007202302
040601141901202302
040601141907202302
040601142701202302
040601142707202302
040601143501202302
040601143507202302
040601144301202302
040601144307202302
040601145101202302
040601145107202302
040601146001202302
040601146007202302
040601147801202302
040601147807202302
040601148601202302
040601148607202302
040601149401202302
040601149407202302
040601150801202302
040601150807202302
040601151601202302
040601151607202302
040601152401202302
040602001901202302
040602001907202302
040602002701202302
040602002707202302
040602003501202302
040602003507202302
040602004301202302
040602004307202302
040602005101202302
040602005107202302
040602007801202302
040602007807202302
040602007809202302
040602010801202302
040602011601202302
040602011607202302
040602011609202302
040602012401202302
040602012407202302
040602015901202302
040602015907202302
040602015909202302
040602016701202302
040602016707202302
040602016709202302
040602019101202302
040602019107202302
040602021301202302
040602022101202302
040602023001202302
040602024801202302
040602024807202302
040602025601202302
040602025607202302
040602026401202302
040602026407202302
040602027201202302
040602027207202302
040602028001202302
040602028007202302
040602030201202302
040602030207202302
040602031001202302
040602031007202302
040602032901202302
040602032907202302
040602033701202302
040602033707202302
040602034501202302
040602034507202302
040602035301202302
040602035307202302
040602036101202302
040602036107202302
040602037001202302
040602037007202302
040602038801202302
040602038807202302
040602039601202302
040602039607202302
040602040001202302
040602040007202302
040602041801202302
040602041807202302
040602042601202302
040602042607202302
040602043401202302
040602043407202302
040602044201202302
040602044207202302
040602045001202302
040602046901202302
040602046907202302
040602047701202302
040602047707202302
040602048501202302
040602048507202302
040602049301202302
040602049307202302
040602050701202302
040602050707202302
040602051501202302
040602051507202302
040602052301202302
040602053101202302
040602053107202302
040602054001202302
040602054007202302
040602055801202302
040602055807202302
040602056601202302
040602056607202302
040602056609202302
040602057401202302
040602057407202302
040602057409202302
040602058201202302
040602058207202302
040602059001202302
040602059007202302
040602060401202302
040602060407202302
040602060409202302
040602062001202302
040602062003202302
040602062007202302
040602062009202302
040603001401202302
040603002201202302
040603003001202302
040603004901202302
040603005701202302
040603005707202302
040603006501202302
040603007301202302
040603008101202302
040603008107202302
040603009001202302
040603009007202302
040603010301202302
040603010307202302
040603011101202302
040603011107202302
040603012001202302
040603012007202302
040603013801202302
040603013807202302
040603014601202302
040603014607202302
040603015401202302
040603015407202302
040604001001202302
040604001007202302
040604002801202302
040604002807202302
040604004401202302
040604004407202302
040604005201202302
040604005207202302
040604006001202302
040604006007202302
040604007901202302
040604007907202302
040604008701202302
040604009501202302
040604010901202302
040604010907202302
040604011701202302
040604011707202302
040604012501202302
040604012507202302
040604013301202302
040604014101202302
040604014107202302
040604015001202302
040604016801202302
040604017601202302
040604018401202302
040604019201202302
040604019207202302
040604020601202302
040604020607202302
040604020609202302
040604021401202302
040604021407202302
040604022201202302
040604022207202302
040604023001202302
040604023007202302
040604024901202302
040604024907202302
040604025701202302
040604025707202302
040604025709202302
040604026501202302
040604026507202302
040604027301202302
040604027307202302
040604027309202302
040604028101202302
040604029001202302
040604029007202302
040604029009202302
040604030301202302
040604030307202302
040604030309202302
040604031101202302
040604031107202302
040604031109202302
040604032001202302
040604032007202302
040604033801202302
040604033807202302
040605001501202302
040605001507202302
040605001509202302
040605002301202302
040605002307202302
040605002309202302
040605003101202302
040605003107202302
040605003109202302
040605004001202302
040605004007202302
040605004009202302
040605005801202302
040605005807202302
040605005809202302
040605006601202302
040605006607202302
040605006609202302
040605007401202302
040605007407202302
040605007409202302
040605008201202302
040605008207202302
040605008209202302
040605009001202302
040605009007202302
040605010401202302
040605010407202302
040605011201202302
040605012001202302
040605012007202302
040605012009202302
040605013901202302
040605013907202302
040605013909202302
040701001701202302
040701001707202302
040701003301202302
040701003307202302
040701004101202302
040701005001202302
040701005007202302
040701006801202302
040701006807202302
040701007601202302
040701008401202302
040701008407202302
040701009201202302
040701009207202302
040701010601202302
040701010607202302
040701011401202302
040701011407202302
040701012201202302
040701013001202302
040701014901202302
040701015701202302
040701015707202302
040701016501202302
040701016507202302
040701017301202302
040701018101202302
040701019001202302
040701019007202302
040701020301202302
040701020307202302
040701021101202302
040701021107202302
040701021109202302
040701022001202302
040701022007202302
040701022009202302
040701023801202302
040701023807202302
040701027001202302
040701027007202302
040701028901202302
040701029701202302
040701029707202302
040701030001202302
040701033501202302
040701033507202302
040701034301202302
040701034307202302
040701035101202302
040701035107202302
040701036001202302
040701037801202302
040701038601202302
040702001201202302
040702002001202302
040702003901202302
040702003907202302
040702004701202302
040702004707202302
040702006301202302
040702006307202302
040702007101202302
040702007107202302
040702008001202302
040702008007202302
040702009801202302
040702009807202302
040702010101202302
040702010107202302
040702011001202302
040702011007202302
040702011009202302
040702013601202302
040702013607202302
040702013609202302
040702014401202302
040702014407202302
040702014409202302
040702015201202302
040702015207202302
040702017901202302
040702017907202302
040702018701202302
040702018707202302
040702019501202302
040702019507202302
040702020901202302
040702020907202302
040702021701202302
040702021709202302
040702022501202302
040702022507202302
040702022509202302
040702023301202302
040702023307202302
040702024101202302
040702024107202302
040702025001202302
040702025007202302
040702026801202302
040702026807202302
040702026809202302
040702027601202302
040702027607202302
040702027609202302
040702028401202302
040702028407202302
040702028409202302
040702029201202302
040702029207202302
040702030601202302
040702030607202302
040702032201202302
040702032207202302
040702032209202302
040702033001202302
040702034901202302
040702035701202302
040702036501202302
040702036507202302
040702038101202302
040702038107202302
040702040301202302
040702040307202302
040702041101202302
040702041107202302
040702042001202302
040702042007202302
040702043801202302
040702043807202302
040702044601202302
040702044607202302
040702045401202302
040702045407202302
040702045409202302
040702046201202302
040702046207202302
040702047001202302
040702047007202302
040702047009202302
040703001801202302
040703001807202302
040703002601202302
040703002607202302
040703003401202302
040703003407202302
040703003409202302
040703004201202302
040703004207202302
040703005001202302
040703005007202302
040703006901202302
040703006907202302
040703007701202302
040703007707202302
040703007709202302
040703012301202302
040703012307202302
040703013101202302
040703013107202302
040703014001202302
040703014007202302
040703015801202302
040703015807202302
040703016601202302
040703016607202302
040703017401202302
040703017407202302
040703018201202302
040703018207202302
040703019001202302
040703019007202302
040703020401202302
040703021201202302
040703022001202302
040703024701202302
040703025501202302
040703025507202302
040704001301202302
040704001307202302
040704002101202302
040704002107202302
040704003001202302
040704003007202302
040704004801202302
040704004807202302
040704005601202302
040704005607202302
040704006401202302
040704006407202302
040704006409202302
040704007201202302
040704007207202302
040704007209202302
040704008001202302
040704008007202302
040704008009202302
040704009901202302
040704009907202302
040704009909202302
040704010201202302
040704010207202302
040704010209202302
040704011001202302
040704011007202302
040704011009202302
040704012901202302
040704012907202302
040704012909202302
040704013701202302
040704013707202302
040704013709202302
040704014501202302
040704014507202302
040704014509202302
040704015301202302
040704015307202302
040704015309202302
040704016101202302
040704016107202302
040704017001202302
040704017007202302
040704017009202302
040704018801202302
040704018807202302
040704020001202302
040704020007202302
040704022601202302
040704022607202302
040704022609202302
040704023401202302
040704023407202302
040704024201202302
040704024207202302
040704025001202302
040704025007202302
040704026901202302
040704026907202302
040801001001202302
040801001007202302
040801002901202302
040801002907202302
040801003701202302
040801003707202302
040801004501202302
040801005301202302
040801006101202302
040801007001202302
040801007007202302
040801008801202302
040801008807202302
040801009601202302
040801009607202302
040801009609202302
040801010001202302
040801010007202302
040801010009202302
040801011801202302
040801011807202302
040801011809202302
040801013401202302
040801013407202302
040801013409202302
040801014201202302
040801014207202302
040801014209202302
040801015001202302
040801015007202302
040801015009202302
040801016901202302
040801016907202302
040801017701202302
040801017707202302
040801018501202302
040801018507202302
040801018509202302
040801019301202302
040801019307202302
040801020701202302
040801020707202302
040801020709202302
040801021501202302
040801021509202302
040801022301202302
040801022307202302
040801022309202302
040801023101202302
040801023109202302
040802001601202302
040802001607202302
040802002401202302
040802002407202302
040802003201202302
040802003207202302
040802004001202302
040802005901202302
040802006701202302
040802007501202302
040802008301202302
040802009101202302
040802010501202302
040802010507202302
040802010509202302
040802011301202302
040802011307202302
040802012101202302
040802012107202302
040802012109202302
040802013001202302
040802013007202302
040802014801202302
040802014807202302
040802014809202302
040802015601202302
040802015607202302
040802016401202302
040802016407202302
040802016409202302
040802017201202302
040802017207202302
040802017209202302
040802018001202302
040802018007202302
040802018009202302
040802019901202302
040802019907202302
040802019909202302
040802020201202302
040802020207202302
040802020209202302
040802021001202302
040802021007202302
040802022901202302
040802022907202302
040802022909202302
040802024501202302
040802024507202302
040802024509202302
040802025301202302
040802025307202302
040802026101202302
040802026107202302
040802027001202302
040802027007202302
040802028801202302
040802028807202302
040802029601202302
040802029607202302
040802029609202302
040802030001202302
040802030007202302
040802030009202302
040802031801202302
040802031807202302
040802031809202302
040802032601202302
040802032607202302
040802032609202302
040802033401202302
040802033407202302
040802034201202302
040802034207202302
040802034209202302
040802035001202302
040802035007202302
040802036901202302
040802036907202302
040802037701202302
040802037707202302
040802037709202302
040802038501202302
040802038507202302
040802039301202302
040802039307202302
040802040701202302
040802040707202302
040802041501202302
040802041507202302
040802042301202302
040802042307202302
040802043101202302
040802043107202302
040802044001202302
040802044007202302
040802044009202302
040802045801202302
040802045807202302
040802046601202302
040802046607202302
040802047401202302
040802047407202302
040802047409202302
040802048201202302
040802048207202302
040802048209202302
040802049001202302
040802049007202302
040802049009202302
040802050401202302
040802050407202302
040802050409202302
040802051201202302
040802051207202302
040802051209202302
040802052001202302
040802052007202302
040802052009202302
040802053901202302
040802053907202302
040802053909202302
040802054701202302
040802054707202302
040802055501202302
040802055507202302
040802055509202302
040802056301202302
040802056307202302
040802057101202302
040802057107202302
040802058001202302
040802058007202302
040802059801202302
040802059807202302
040802059809202302
040802060101202302
040802060107202302
040802060109202302
040802061001202302
040802061007202302
040802061009202302
040802062801202302
040802062807202302
040802062809202302
040802063601202302
040802063607202302
040802063609202302
040802064401202302
040802064407202302
040802064409202302
040803001101202302
040803001107202302
040803002001202302
040803002007202302
040803003801202302
040803003807202302
040803004601202302
040803005401202302
040803005407202302
040803006201202302
040803006207202302
040803007001202302
040803007007202302
040803008901202302
040803008907202302
040803009701202302
040803009707202302
040803010001202302
040803010007202302
040803011901202302
040803011907202302
040803012701202302
040803012707202302
040803013501202302
040803014301202302
040803015101202302
040803016001202302
040803017801202302
040803017807202302
040803018601202302
040803019401202302
040803020801202302
040803021601202302
040803022401202302
040803023201202302
040803023207202302
040803024001202302
040803024007202302
040803025901202302
040803025907202302
040803026701202302
040803026707202302
040803027501202302
040803027507202302
040803028301202302
040803028307202302
040803029101202302
040803029107202302
040803030501202302
040803030507202302
040803031301202302
040803031307202302
040803032101202302
040803032107202302
040803033001202302
040803033007202302
040803034801202302
040803034807202302
040803035601202302
040803036401202302
040803036407202302
040803037201202302
040803037207202302
040803038001202302
040803038007202302
040803039901202302
040803039907202302
040803040201202302
040803040207202302
040803041001202302
040803041007202302
040803042901202302
040803042907202302
040803043701202302
040803043707202302
040803044501202302
040803044507202302
040803045301202302
040803045307202302
040803046101202302
040803046107202302
040803047001202302
040803047007202302
040803050001202302
040803050007202302
040803051801202302
040803051807202302
040803052601202302
040803052607202302
040803053401202302
040803053407202302
040803054201202302
040803054207202302
040803055001202302
040803055007202302
040803056901202302
040803056907202302
040803057701202302
040803057707202302
040803058501202302
040803058507202302
040803059301202302
040803059307202302
040803060701202302
040803060707202302
040803061501202302
040803061507202302
040803062301202302
040803062307202302
040803063101202302
040803063107202302
040803064001202302
040803064007202302
040803065801202302
040803065807202302
040803066601202302
040803066607202302
040803067401202302
040803067407202302
040803068201202302
040803068207202302
040803069001202302
040803069007202302
040803070401202302
040803071201202302
040803071207202302
040803072001202302
040803072007202302
040803073901202302
040803073907202302
040803074701202302
040803074707202302
040803075501202302
040803075507202302
040803075509202302
040803076301202302
040803076307202302
040803077101202302
040803077107202302
040803078001202302
040803079801202302
040803080101202302
040803080107202302
040803081001202302
040803081007202302
040803082801202302
040803082807202302
040803083601202302
040803083607202302
040803084401202302
040803084407202302
040803085201202302
040803085207202302
040803086001202302
040803086007202302
040803087901202302
040803087907202302
040803088701202302
040803088707202302
040803089501202302
040803089507202302
040803090901202302
040803090907202302
040803091701202302
040803091707202302
040804001701202302
040804001707202302
040804002501202302
040804002507202302
040804003301202302
040804003307202302
040804004101202302
040804004107202302
040804005001202302
040804006801202302
040804007601202302
040804008401202302
040804009201202302
040804010601202302
040804010607202302
040804011401202302
040804011407202302
040804012201202302
040804012207202302
040804013001202302
040804013007202302
040804014901202302
040804014907202302
040804015701202302
040804015707202302
040804016501202302
040804016507202302
040804017301202302
040804017307202302
040804018101202302
040804018107202302
040804018109202302
040804019001202302
040804019007202302
040804019009202302
040804020301202302
040804020307202302
040804022001202302
040804022007202302
040804023801202302
040804023807202302
040804024601202302
040804024607202302
040804025401202302
040804025407202302
040804026201202302
040804026207202302
040804027001202302
040804027007202302
040804028901202302
040804028907202302
040804029701202302
040804029707202302
040804030001202302
040804030007202302
040804031901202302
040804031907202302
040804032701202302
040804032707202302
040804033501202302
040804033507202302
040804034301202302
040804034307202302
040805001201202302
040805001207202302
040805002001202302
040805002007202302
040805003901202302
040805003907202302
040805004701202302
040805004707202302
040805005501202302
040805006301202302
040805007101202302
040805008001202302
040805008007202302
040805010101202302
040805010107202302
040805011001202302
040805011007202302
040805012801202302
040805012807202302
040805013601202302
040805013607202302
040805014401202302
040805014407202302
040805014409202302
040805015201202302
040805015207202302
040805016001202302
040805016007202302
040805016009202302
040805017901202302
040805017907202302
040805019501202302
040805019507202302
040805019509202302
040805020901202302
040805020907202302
040805020909202302
040805021701202302
040805021707202302
040805021709202302
040805022501202302
040805022507202302
040805022509202302
040805023301202302
040805023307202302
040805024101202302
040805024107202302
040805024109202302
040805025001202302
040805025007202302
040805025009202302
040805026801202302
040805026807202302
040805026809202302
040805027601202302
040805027607202302
040805027609202302
040805028401202302
040805028407202302
040805028409202302
040805029201202302
040805029207202302
040805029209202302
040805030601202302
040805030607202302
040805031401202302
040805031407202302
040805032201202302
040805032207202302
040805032209202302
040805033001202302
040805033007202302
040805034901202302
040805034907202302
040805034909202302
040805035701202302
040805035707202302
040805035709202302
040805036501202302
040805036507202302
040805037301202302
040805037307202302
040805037309202302
040805038101202302
040805038107202302
040805039001202302
040805039007202302
040805039009202302
040805040301202302
040805041101202302
040805041107202302
040805042001202302
040805042007202302
040805043801202302
040805043807202302
040805044601202302
040805044607202302
040805044609202302
040805045401202302
040805045407202302
040805046201202302
040805046207202302
040805047001202302
040805047007202302
040805048901202302
040805048907202302
040805049701202302
040805049707202302
040805050001202302
040805050007202302
040805051901202302
040805051907202302
040805052701202302
040805052707202302
040805053501202302
040805053507202302
040805054301202302
040805054307202302
040805055101202302
040805055107202302
040805056001202302
040805056007202302
040805057801202302
040805057807202302
040805058601202302
040805058607202302
040805059401202302
040805059407202302
040805060801202302
040805060807202302
040805061601202302
040805061607202302
040805062401202302
040805062407202302
040805063201202302
040805063207202302
040805064001202302
040805064007202302
040805064009202302
040805065901202302
040805065907202302
040805065909202302
040805066701202302
040805066709202302
040805067501202302
040805067507202302
040805068301202302
040805068307202302
040805069101202302
040805069107202302
040805069109202302
040805070501202302
040805070507202302
040805071301202302
040805071307202302
040805072101202302
040805072107202302
040805073001202302
040805073007202302
040805073009202302
040805074801202302
040805074807202302
040805074809202302
040805075601202302
040805075607202302
040805075609202302
040805076401202302
040805076407202302
040805076409202302
040805077201202302
040805077207202302
040805078001202302
040805078007202302
040805079901202302
040805079907202302
040805080201202302
040805080207202302
040805081001202302
040805081007202302
040805082901202302
040805082907202302
040805082909202302
040805083701202302
040805083707202302
040805084501202302
040805084507202302
040805085301202302
040805085307202302
040805086101202302
040805086107202302
040805087001202302
040805087007202302
040805088801202302
040805088807202302
040805088809202302
040805089601202302
040805089607202302
040805089609202302
040805090001202302
040805091801202302
040805091807202302
040805091809202302
040805092601202302
040805092607202302
040805092609202302
040806001801202302
040806001807202302
040806001809202302
040806002601202302
040806002607202302
040806003401202302
040806003407202302
040806004201202302
040806004207202302
040806004209202302
040806005001202302
040806005007202302
040806005009202302
040806006901202302
040806006907202302
040806007701202302
040806007707202302
040806008501202302
040806008507202302
040806008509202302
040806009301202302
040806009307202302
040806010701202302
040806010707202302
040806011501202302
040806011507202302
040806011509202302
040806012301202302
040806012307202302
040806012309202302
040806013101202302
040806013107202302
040806013109202302
040806014001202302
040806014007202302
040806014009202302
040806015801202302
040806015807202302
040806015809202302
040806016601202302
040806016607202302
040806017401202302
040806017407202302
040806018201202302
040806018207202302
040806019001202302
040806019007202302
040806020401202302
040806020407202302
040806020409202302
040806021201202302
040806021207202302
040806021209202302
040806023901202302
040806023907202302
040806024701202302
040806024707202302
040806025501202302
040806025507202302
040806026301202302
040806026307202302
040806027101202302
040806027107202302
040806028001202302
040806028007202302
040806029801202302
040806029807202302
040806029809202302
040806030101202302
040806030107202302
040806030109202302
040806031001202302
040806031007202302
040806031009202302
040806032801202302
040806032807202302
040806032809202302
040806033601202302
040806033607202302
040806033609202302
040806034401202302
040806034407202302
040806034409202302
040806035201202302
040806035207202302
040806035209202302
040806036001202302
040806036007202302
040806036009202302
040806037901202302
040806037907202302
040806037909202302
040806038701202302
040806038707202302
040806039501202302
040806039507202302
040806039509202302
040806040901202302
040806040907202302
040806040909202302
040806041701202302
040806041707202302
040806041709202302
040806042501202302
040806042507202302
040806042509202302
040806043301202302
040806043307202302
040806043309202302
040806044101202302
040806044107202302
040806044109202302
040806045001202302
040806045007202302
040806045009202302
040806046801202302
040806046807202302
040806046809202302
040806047601202302
040806047607202302
040806047609202302
040806048401202302
040806048407202302
040806048409202302
040806049201202302
040806049207202302
040806050601202302
040806050607202302
040806051401202302
040806051407202302
040806052201202302
040806052207202302
040806053001202302
040806053007202302
040806053009202302
040806054901202302
040806054907202302
040806054909202302
040806055701202302
040806055707202302
040806056501202302
040806056507202302
040806056509202302
040806057301202302
040806057307202302
040806057309202302
040806058101202302
040806058107202302
040806058109202302
040806059001202302
040806059007202302
040806060301202302
040806060307202302
040806060309202302
040806061101202302
040806062001202302
040806062007202302
040806063801202302
040806063807202302
040806063809202302
040806064601202302
040806064607202302
040806066201202302
040806066207202302
040806067001202302
040806067007202302
040806067009202302
040806069701202302
040806069707202302
040806070001202302
040806070007202302
040806070009202302
040901001401202302
040901001407202302
040901002201202302
040901002207202302
040901003001202302
040901003007202302
040901004901202302
040901004907202302
040901005701202302
040901005707202302
040901006501202302
040901006507202302
040901006509202302
040901007301202302
040901007307202302
040901008101202302
040901008107202302
040901009001202302
040901009007202302
040901009009202302
040901012001202302
040901012007202302
040901012009202302
040901013801202302
040901013807202302
040901014601202302
040901014607202302
040901014609202302
040901017001202302
040901017007202302
040901017009202302
040901018901202302
040901018907202302
040901019701202302
040901019707202302
040901020001202302
040901020007202302
040901021901202302
040901022701202302
040901022707202302
040901023501202302
040901023507202302
040901024301202302
040901024307202302
040901025101202302
040901025107202302
040901026001202302
040901026007202302
040901028601202302
040901028607202302
040901029401202302
040901029407202302
040901030801202302
040901030807202302
040901031601202302
040901031607202302
040901032401202302
040901032407202302
040901033201202302
040901033207202302
040901034001202302
040901034007202302
040901036701202302
040901036707202302
040901037501202302
040901037507202302
040901037509202302
040901038301202302
040901038307202302
040901038309202302
040901039101202302
040901039107202302
040901039109202302
040901040501202302
040901040507202302
040901041301202302
040901041307202302
040901043001202302
040901043007202302
040901043009202302
040901045601202302
040901045607202302
040901046401202302
040901046407202302
040901047201202302
040901047207202302
040901048001202302
040901048007202302
040901048009202302
040901049901202302
040901050201202302
040901050207202302
040901051001202302
040901051007202302
040901051009202302
040901052901202302
040901052907202302
040901053701202302
040901053707202302
040901054501202302
040901054507202302
040901055301202302
040901055307202302
040901056101202302
040901056107202302
040901057001202302
040901057007202302
040901058801202302
040901058807202302
040901059601202302
040901059607202302
040901059609202302
040902001001202302
040902001007202302
040902001009202302
040902002801202302
040902002807202302
040902002809202302
040902004401202302
040902004407202302
040902004409202302
040902005201202302
040902005207202302
040902007901202302
040902007907202302
040902007909202302
040902008701202302
040902008707202302
040902008709202302
040902009501202302
040902009507202302
040902009509202302
040902010901202302
040902010907202302
040902010909202302
040902012501202302
040902012507202302
040902012509202302
040902013301202302
040902013307202302
040902013309202302
040902014101202302
040902014107202302
040902014109202302
040902015001202302
040902015007202302
040902015009202302
040902016801202302
040902016807202302
040902016809202302
040902017601202302
040902017607202302
040902017609202302
040903001501202302
040903001509202302
040903002301202302
040903003101202302
040903004001202302
040904001001202302
040904001007202302
040904001009202302
040904003701202302
040904003707202302
040904003709202302
040904004501202302
040904004507202302
040904005301202302
040904005307202302
040904005309202302
040904007001202302
040904007007202302
040904007009202302
040904008801202302
040904008807202302
040904008809202302
040904009601202302
040904009607202302
040904009609202302
040904011801202302
040904011807202302
040904011809202302
040904012601202302
040904012607202302
040904012609202302
040904013401202302
040904013407202302
040904013409202302
040904014201202302
040904014209202302
040904015001202302
040904015007202302
040904015009202302
040904016901202302
040904016907202302
040904016909202302
040904017701202302
040904017707202302
040904017709202302
040904018501202302
040904018507202302
040904018509202302
040904019301202302
040904019307202302
040904019309202302
040904020701202302
040904020707202302
040904020709202302
040904021501202302
040904021507202302
040904021509202302
040904022301202302
040904022309202302
040904023101202302
040904023107202302
040904023109202302
040904024001202302
040904024009202302
040905001601202302
040905001607202302
040905002401202302
040905002407202302
040905002409202302
040905003201202302
040905003209202302
040905004001202302
040905004007202302
040905004009202302
040905007501202302
040905007507202302
040905007509202302
040905008301202302
040905008307202302
040905008309202302
040905009101202302
040905009107202302
040905009109202302
040905010501202302
040905010507202302
040905010509202302
040905011301202302
040905011307202302
040905011309202302
040905013001202302
040905014801202302
040906001101202302
040906001102202302
040906001107202302
040906001109202302
040906002001202302
040906003801202302
040906003809202302
040906004601202302
040906004607202302
040906004609202302
040906005401202302
040906005402202302
040906005409202302
040906007001202302
040906007002202302
040906007009202302
040906010001202302
040906010007202302
040906011901202302
040906011907202302
040906012701202302
040906012707202302
040906013501202302
040906013507202302
040906014301202302
040906014307202302
040906015101202302
040906015107202302
040906016001202302
040906016007202302
040906017801202302
040906017807202302
040906017809202302
040906018601202302
040906018609202302
040906019401202302
040906019407202302
040906019409202302
040906020801202302
040906020807202302
040906020809202302
040906021601202302
040906021607202302
040906021609202302
040906022401202302
040906022407202302
040906022409202302
040906023201202302
040906023202202302
040906023207202302
040906023209202302
040906024001202302
040906024002202302
040906024007202302
040906024009202302
040906025901202302
040906025902202302
040906025907202302
040906025909202302
040906026701202302
040906026702202302
040906026707202302
040906026709202302
040906027501202302
040906027507202302
040906027509202302
040906028301202302
040906028307202302
040906029101202302
040907001701202302
040907001709202302
040907002501202302
040907002509202302
040907003301202302
040907003309202302
040907004101202302
040907004109202302
040907005001202302
040907006801202302
040907006809202302
040907007601202302
040907007609202302
040907008401202302
040907008409202302
040907009201202302
040907009207202302
040907009209202302
040907010601202302
040907010607202302
040907010609202302
040907011401202302
040907011407202302
040907013001202302
040907013007202302
040907013009202302
040907014901202302
040907014907202302
040907014909202302
040907015701202302
040907015707202302
040907015709202302
040907019001202302
040907019009202302
040907020301202302
040907021101202302
040907021107202302
040907022001202302
040907022007202302
040907022009202302
040907023801202302
040907023807202302
040907024601202302
040907024607202302
040907025401202302
040907025407202302
040907026201202302
040907026207202302
040907026209202302
040907027001202302
040907027009202302
040907028901202302
040907028907202302
040907028909202302
040907029701202302
040907030001202302
040907030009202302
040907031901202302
041001001401202302
041001001407202302
041001001409202302
041001005701202302
041001006501202302
041001006507202302
041001006509202302
041001007301202302
041001007307202302
041001007309202302
041001008101202302
041001008107202302
041001008109202302
041001009001202302
041001009009202302
041001011101202302
041001011107202302
041001011109202302
041001012001202302
041001012007202302
041001013801202302
041001014601202302
041001015401202302
041001016201202302
041001019701202302
041001020001202302
041101001801202302
041101001802202302
041101001809202302
041101002601202302
041101002602202302
041101003401202302
041101003402202302
041101004201202302
041101004202202302
041101005001202302
041101005002202302
041101005009202302
041101007701202302
041101007702202302
041101007709202302
041101008501202302
041101008502202302
041102001301202302
041102001302202302
041102001309202302
041102002101202302
041102002102202302
041102002109202302
041102003001202302
041102003002202302
041102004801202302
041102004802202302
041201001101202302
041201001107202302
041201002001202302
041201002007202302
041201003801202302
041201003807202302
041201003809202302
041201004601202302
041201004607202302
041201004609202302
041201007001202302
041201007007202302
041201008901202302
041201008907202302
041201009701202302
041201009707202302
041201010001202302
041201010007202302
041201011901202302
041201011907202302
041201013501202302
041201013507202302
041201014301202302
041201014307202302
041202001701202302
041202001707202302
041202002501202302
041202002507202302
041202003301202302
041202003307202302
041202005001202302
041202005007202302
041202006801202302
041202006807202302
041202007601202302
041202007607202302
041202008401202302
041202008407202302
041203001201202302
041203001207202302
041203004701202302
041203004707202302
041203008001202302
041203008007202302
041203009801202302
041203009807202302
041203009809202302
041203010101202302
041203010107202302
041203011001202302
041203011007202302
041204001801202302
041204001807202302
041204001809202302
041204002601202302
041204002607202302
041204003401202302
041204003407202302
041204004201202302
041204004207202302
041204005001202302
041204005007202302
041204006901202302
041204006907202302
041204008501202302
041204008507202302
041204008509202302
041204010701202302
041204010707202302
041204011501202302
041204011507202302
041204012301202302
041204012307202302
041204013101202302
041204013107202302
041204015801202302
041204015807202302
041204016601202302
041204016607202302
041204017401202302
041204017407202302
041204018201202302
041204018207202302
041204019001202302
041204019007202302
041204020401202302
041204020407202302
041204021201202302
041204021207202302
041204022001202302
041204022007202302
041204022009202302
041205001301202302
041205001307202302
041205003001202302
041205003007202302
041205004801202302
041205004807202302
041205006401202302
041205006407202302
041205007201202302
041205007207202302
041205008001202302
041205008007202302
041205010201202302
041205010207202302
041205011001202302
041205011007202302
041205013701202302
041205013707202302
041205014501202302
041205014507202302
041205015301202302
041205015307202302
041205016101202302
041205016107202302
041301001501202302
041301001507202302
041301006601202302
041301008201202302
041301008207202302
041301009001202302
041301009007202302
041303001601202302
041303001607202302
041303001609202302
041303002401202302
041303002407202302
041303002409202302
041303003201202302
041303003209202302
041303005901202302
041303005907202302
041303005909202302
041303006701202302
041303006709202302
041303007501202302
041303007509202302
041303008301202302
041303008307202302
041303008309202302
041304002001202302
041304002007202302
041304003801202302
041304004601202302
041304005401202302
041304005409202302
041304006201202302
041304006209202302
041304007001202302
041304007009202302
041304008901202302
041304008909202302
041304009701202302
041304009707202302
041304010001202302
041304010007202302
041304011901202302
041304011907202302
041304011909202302
041304012701202302
041304012707202302
041304012709202302
041304013501202302
041304013507202302
041304013509202302
041304014301202302
041304014307202302
041304014309202302
041304015101202302
041304015107202302
041304015109202302
041304016001202302
041304016007202302
041304017801202302
041304017807202302
041304018601202302
041304018607202302
041304018609202302
041304019401202302
041304019407202302
041304019409202302
041304020801202302
041304020807202302
041304020809202302
041304021601202302
041304021607202302
041304021609202302
041304022401202302
041304022407202302
041304022409202302
041304023201202302
041304023207202302
041304023209202302
041304024001202302
041304024007202302
041304025901202302
041304025909202302
041304026701202302
041401002701202302
041401003501202302
041401025601202302
041401025607202302
041401025609202302
041401027201202302
041401027207202302
041401027209202302
041401032901202302
041401032907202302
041401032909202302
041401034501202302
041401034507202302
041401034509202302
041402002201202302
041402002203202302
041402002207202302
041402002209202302
041402003001202302
041402003003202302
041402003007202302
041402003009202302
041402004901202302
041402004903202302
041402004907202302
041402004909202302
041402005701202302
041402005703202302
041402005707202302
041402005709202302
041402006501202302
041402006503202302
041402006507202302
041402006509202302
041402007301202302
041402007303202302
041402007307202302
041402007309202302
041402008101202302
041402008103202302
041402008107202302
041402008109202302
041402009001202302
041402009003202302
041402009007202302
041402009009202302
041402014601202302
041402014603202302
041402014607202302
041402014609202302
041402015401202302
041402015403202302
041402015407202302
041402015409202302
041402016201202302
041402016203202302
041402016207202302
041402016209202302
041402020001202302
041402020003202302
041402020007202302
041402020009202302
041402021901202302
041402021903202302
041402021907202302
041402021909202302
041402024301202302
041402024303202302
041402024307202302
041402024309202302
041402027801202302
041402027803202302
041402027807202302
041402027809202302
041402029401202302
041402029403202302
041402029407202302
041402029409202302
041402036701202302
041402036703202302
041402036707202302
041402036709202302
041402037501202302
041402037503202302
041402037507202302
041402037509202302
041402041301202302
041402041303202302
041402041307202302
041402041309202302
041501001201202302
041501001207202302
041502001801202302
041502003401202302
041502003407202302
041502004201202302
041502004207202302
041502005001202302
041502005007202302
041502006901202302
041502006907202302
041502007701202302
041502007707202302
041502008501202302
041503001301202302
041503001307202302
041504002701202302
041504002707202302
041504003501202302
041504003507202302
041601001601202302
041601001607202302
041601002401202302
041601002407202302
041601003201202302
041601003207202302
041601004001202302
041601004007202302
041601007501202302
041601007507202302
041601009101202302
041601009107202302
041601011301202302
041601011307202302
041601011309202302
041601012101202302
041601013001202302
041601016401202302
041601016407202302
041601017201202302
041601017207202302
041601017209202302
041601018001202302
041601018007202302
041601019901202302
041601019907202302
041601020201202302
041601020207202302
041601021001202302
041601021007202302
041601022901202302
041601022907202302
041602002001202302
041602002007202302
041602015101202302
041602015107202302
041602016001202302
041602016007202302
041602017801202302
041602017807202302
041602017809202302
041602018601202302
041602018607202302
041602018609202302
041602019401202302
041602019407202302
041602020801202302
041602020807202302
041602021601202302
041602021607202302
041602021609202302
041602022401202302
041602022407202302
041602023201202302
041602023207202302
041602024001202302
041602024007202302
041602024009202302
041602025901202302
041602025907202302
041603001701202302
041603001707202302
041603001709202302
041603002501202302
041603002507202302
041603002509202302
041603003301202302
041603003307202302
041603003309202302
041603004101202302
041603004107202302
041603004109202302
041603006801202302
041603006807202302
041603007601202302
041603008401202302
041603008407202302
041603009201202302
041603009207202302
041603014901202302
041603014907202302
041603014909202302
041603015701202302
041603015707202302
041603015709202302
041603016501202302
041603016507202302
041603017301202302
041603017307202302
041603018101202302
041603018107202302
041603019001202302
041603020301202302
041603020307202302
041603021101202302
041603021107202302
041603022001202302
041603022007202302
041603023801202302
041603023807202302
041603024601202302
041603024607202302
041603025401202302
041603026201202302
041603027001202302
041603027007202302
041603028901202302
041603029701202302
041603030001202302
041603030007202302
041603031901202302
041603031907202302
041603032701202302
041603032707202302
041603032709202302
041603033501202302
041603033507202302
041603033509202302
041603034301202302
041603034307202302
041603035101202302
041603035107202302
041603035109202302
041603036001202302
041603036007202302
041604001201202302
041604001207202302
041604002001202302
041604002007202302
041604003901202302
041604003907202302
041604004701202302
041604004707202302
041604005501202302
041604005507202302
041604007101202302
041604007107202302
041604010101202302
041604010107202302
041604011001202302
041604011007202302
041604012801202302
041604012807202302
041604014401202302
041604014407202302
041604017901202302
041604017909202302
041604018701202302
041604018709202302
041604019501202302
041604019509202302
041604020901202302
041604020907202302
041604021701202302
041604021707202302
041604022501202302
041604022507202302
041604023301202302
041604023307202302
041604024101202302
041604024107202302
041604025001202302
041604025007202302
041604026801202302
041604026807202302
041604027601202302
041604027607202302
041604028401202302
041604029201202302
041604030601202302
041605001801202302
041605001807202302
041605002601202302
041605002607202302
041605003401202302
041605003407202302
041605005001202302
041605005007202302
041605007701202302
041605007707202302
041605009301202302
041605009307202302
041605010701202302
041605010707202302
041605011501202302
041605011507202302
041606001301202302
041606001307202302
041606001309202302
041606002101202302
041606002107202302
041606003001202302
041606003007202302
041606005601202302
041606005607202302
041606006401202302
041606006407202302
041606008001202302
041606008007202302
041606009901202302
041606009907202302
041606010201202302
041606010207202302
041606011001202302
041606011007202302
041606012901202302
041606012907202302
041608001401202302
041608001407202302
041608001409202302
041608003001202302
041608003007202302
041608003009202302
041608008101202302
041608008107202302
041608009001202302
041608009007202302
041608011101202302
041608011107202302
041608012001202302
041608012007202302
041608012009202302
041609001001202302
041609001007202302
041609002801202302
041609002807202302
041609003601202302
041609003607202302
041609007901202302
041609007907202302
041609010901202302
041609010907202302
041609011701202302
041609011707202302
041609012501202302
041609012507202302
041609013301202302
041609013307202302
041611001001202302
041611001007202302
041611002901202302
041611002907202302
041611003701202302
041611003707202302
041611004501202302
041611004507202302
041611005301202302
041611005307202302
041611006101202302
041611006107202302
041611007001202302
041611007007202302
041611008801202302
041611008807202302
041612002401202302
041612003201202302
041612004001202302
041612004009202302
041612005901202302
041612005909202302
050103006901202302
050103006903202302
050103006907202302
050201001074202302
050201001075202302
050201001076202302
050201001077202302
050201001078202302
050201001079202302
050201002977202302
050201002978202302
050201002979202302
050201002980202302
050201002981202302
050201002982202302
050301001401202302
050301001403202302
050301001474202302
050301001475202302
050301001476202302
050301001477202302
050301001478202302
050301001479202302
050301001480202302
050301001481202302
050301001482202302
050301002201202302
050301002274202302
050301002275202302
050301002276202302
050301002277202302
050301002278202302
050301002279202302
050301002280202302
050301002281202302
050301002282202302
050302001001202302
050302002801202302
050303001574202302
050303001575202302
050303001576202302
050303001577202302
050303001578202302
050303001579202302
050303001580202302
050303001581202302
050303001582202302
050303002301202302
050303002374202302
050303002375202302
050303002376202302
050303002377202302
050303002378202302
050303002379202302
050303002380202302
050303002381202302
050303002382202302
050303003101202302
050303003174202302
050303003175202302
050303003176202302
050303003177202302
050303003178202302
050303003179202302
050303003180202302
050303003181202302
050303003182202302
050303004001202302
050303004074202302
050303004075202302
050303004076202302
050303004077202302
050303004078202302
050303004080202302
050303004081202302
050303004082202302
050303005801202302
050303005874202302
050303005875202302
050303005876202302
050303005877202302
050303005878202302
050303005879202302
050303005880202302
050303005881202302
050303005882202302
050303006601202302
050303006674202302
050303006675202302
050303006676202302
050303006677202302
050303006678202302
050303006679202302
050303006680202302
050303006681202302
050303006682202302
050303007401202302
050303007474202302
050303007475202302
050303007476202302
050303007477202302
050303007478202302
050303007479202302
050303007480202302
050303007481202302
050303007482202302
050303008201202302
050303008274202302
050303008275202302
050303008276202302
050303008277202302
050303008278202302
050303008279202302
050303008280202302
050303008281202302
050303008282202302
050303009001202302
050303009074202302
050303009075202302
050303009076202302
050303009077202302
050303009078202302
050303009079202302
050303009080202302
050303009081202302
050303009082202302
050303010401202302
050303010474202302
050303010475202302
050303010476202302
050303010477202302
050303010478202302
050303010479202302
050303010480202302
050303010481202302
050303010482202302
050304004574202302
050304004575202302
050304004576202302
050304004577202302
050304004578202302
050304004579202302
050304004580202302
050304004581202302
050304004582202302
050501001103202302
050501001107202302
050501002003202302
050501002007202302
050501003803202302
050501003807202302
050501004603202302
050501004607202302
050501005403202302
050501005407202302
050501006203202302
050501006207202302
050501007003202302
050501007007202302
050501008903202302
050501008907202302
050501009701202302
050501009707202302
050501009709202302
050501012701202302
050501012707202302
050501012709202302
050501013501202302
050501013507202302
050501013509202302
050502004101202302
050502004107202302
050502005001202302
050502005007202302
050502006801202302
050502007601202302
050502008401202302
050502009201202302
050502010601202302
050502011401202302
050502011407202302
050502012201202302
050602001012202302
050602002912202302
050602003712202302
050602004503202302
050602004507202302
050602004509202302
050602004512202302
050602005301202302
050602005303202302
050602005307202302
050602006101202302
050602006103202302
050602006107202302
050602007001202302
050602007003202302
050602007007202302
050602008801202302
050602008803202302
050602008807202302
050602009601202302
050602009603202302
050602009607202302
050602010001202302
050602010003202302
050602010007202302
050602011801202302
050602011803202302
050602011807202302
070209005001202302
070209005007202302
070209006901202302
070209006907202302
080201006765202302
080201007579202302
080201008375202302
080201009176202302
080201010574202302
080201011383202302
080201012181202302
080201013082202302
080201014877202302
080201015678202302
080201016480202302
080201021085202302
080201022986202302
080201023792202302
080201024593202302
080201025387202302
080201026187202302
080201027087202302
